-2.85972770242
-2.854638627
-2.854638627
-2.84954955157
-2.84446047615
-2.84446047615
-2.83937140072
-2.8342823253
-2.8342823253
-2.82919324987
-2.82410417445
-2.82410417445
-2.82410417445
-2.81901509902
-2.81901509902
-2.8139260236
-2.80883694817
-2.81901509902
-2.81901509902
-2.82410417445
-2.82410417445
-2.81901509902
-2.8139260236
-2.8139260236
-2.80374787275
-2.79865879732
-2.78848064647
-2.77830249562
-2.77321342019
-2.76303526934
-2.75285711849
-2.74267896764
-2.73758989222
-2.72741174137
-2.71723359052
-2.71214451509
-2.70196636424
-2.69687728882
-2.69178821339
-2.68669913797
-2.68669913797
-2.68161006254
-2.68161006254
-2.68161006254
-2.68161006254
-2.68161006254
-2.68161006254
-2.68161006254
-2.68161006254
-2.68669913797
-2.68669913797
-2.69687728882
-2.69687728882
-2.69178821339
-2.69687728882
-2.70196636424
-2.70705543967
-2.71214451509
-2.71214451509
-2.71214451509
-2.71723359052
-2.72232266594
-2.72741174137
-2.73250081679
-2.73758989222
-2.74267896764
-2.74267896764
-2.75285711849
-2.75794619392
-2.76303526934
-2.76812434477
-2.77321342019
-2.77830249562
-2.78339157104
-2.78848064647
-2.79865879732
-2.80374787275
-2.80883694817
-2.81901509902
-2.82410417445
-2.82919324987
-2.8342823253
-2.83937140072
-2.84446047615
-2.84954955157
-2.854638627
-2.854638627
-2.85972770242
-2.85972770242
-2.86481677785
-2.86990585327
-2.86990585327
-2.86990585327
-2.8749949287
-2.8749949287
-2.88008400412
-2.88517307955
-2.88517307955
-2.88517307955
-2.89026215497
-2.89026215497
-2.89026215497
-2.89026215497
-2.89026215497
-2.89026215497
-2.89026215497
-2.89026215497
-2.89026215497
-2.88517307955
-2.88517307955
-2.88008400412
-2.8749949287
-2.8749949287
-2.86990585327
-2.86481677785
-2.86481677785
-2.85972770242
-2.85972770242
-2.85972770242
-2.854638627
-2.84954955157
-2.84446047615
-2.84446047615
-2.83937140072
-2.83937140072
-2.8342823253
-2.82919324987
-2.82919324987
-2.82410417445
-2.81901509902
-2.81901509902
-2.8139260236
-2.80883694817
-2.80374787275
-2.80374787275
-2.79865879732
-2.7935697219
-2.7935697219
-2.78848064647
-2.78339157104
-2.78339157104
-2.77830249562
-2.77830249562
-2.77321342019
-2.76812434477
-2.76812434477
-2.76812434477
-2.76303526934
-2.76303526934
-2.75794619392
-2.75285711849
-2.75285711849
-2.75285711849
-2.74776804307
-2.74267896764
-2.74267896764
-2.73758989222
-2.73758989222
-2.73250081679
-2.72741174137
-2.72232266594
-2.72232266594
-2.71723359052
-2.71214451509
-2.70705543967
-2.70705543967
-2.70196636424
-2.70705543967
-2.70196636424
-2.70196636424
-2.69687728882
-2.69687728882
-2.69178821339
-2.69178821339
-2.69687728882
-2.68669913797
-2.69178821339
-2.68669913797
-2.68669913797
-2.68669913797
-2.68669913797
-2.68669913797
-2.68161006254
-2.68161006254
-2.68161006254
-2.68669913797
-2.68669913797
-2.68161006254
-2.68161006254
-2.68669913797
-2.68669913797
-2.68669913797
-2.69178821339
-2.68669913797
-2.69178821339
-2.69687728882
-2.69687728882
-2.70196636424
-2.70196636424
-2.70196636424
-2.70705543967
-2.71214451509
-2.71723359052
-2.72232266594
-2.72232266594
-2.72741174137
-2.72741174137
-2.73250081679
-2.74267896764
-2.74267896764
-2.74776804307
-2.74776804307
-2.75285711849
-2.76303526934
-2.76812434477
-2.77321342019
-2.77830249562
-2.78339157104
-2.78848064647
-2.79865879732
-2.80374787275
-2.80374787275
-2.80883694817
-2.8139260236
-2.81901509902
-2.82919324987
-2.82919324987
-2.8342823253
-2.8342823253
-2.83937140072
-2.84446047615
-2.84954955157
-2.84954955157
-2.854638627
-2.85972770242
-2.86481677785
-2.86481677785
-2.86990585327
-2.86990585327
-2.86990585327
-2.86990585327
-2.8749949287
-2.8749949287
-2.8749949287
-2.8749949287
-2.8749949287
-2.88008400412
-2.88008400412
-2.88008400412
-2.88517307955
-2.88517307955
-2.88517307955
-2.88517307955
-2.88517307955
-2.88517307955
-2.88517307955
-2.88517307955
-2.88517307955
-2.88008400412
-2.88008400412
-2.8749949287
-2.8749949287
-2.86990585327
-2.86990585327
-2.86481677785
-2.86481677785
-2.86481677785
-2.85972770242
-2.85972770242
-2.854638627
-2.854638627
-2.854638627
-2.84954955157
-2.84954955157
-2.84446047615
-2.84446047615
-2.84446047615
-2.84446047615
-2.83937140072
-2.8342823253
-2.8342823253
-2.8342823253
-2.82919324987
-2.82919324987
-2.82410417445
-2.81901509902
-2.81901509902
-2.8139260236
-2.8139260236
-2.80883694817
-2.80374787275
-2.80374787275
-2.80374787275
-2.7935697219
-2.7935697219
-2.7935697219
-2.78848064647
-2.78339157104
-2.78339157104
-2.78339157104
-2.77830249562
-2.77321342019
-2.76303526934
-2.76303526934
-2.76303526934
-2.75285711849
-2.74776804307
-2.74776804307
-2.74267896764
-2.73758989222
-2.73758989222
-2.73250081679
-2.72741174137
-2.72741174137
-2.72232266594
-2.71723359052
-2.71723359052
-2.71214451509
-2.70705543967
-2.70705543967
-2.70705543967
-2.70196636424
-2.70196636424
-2.70705543967
-2.70196636424
-2.70705543967
-2.70705543967
-2.70196636424
-2.70196636424
-2.70196636424
-2.70196636424
-2.70196636424
-2.70196636424
-2.70196636424
-2.69687728882
-2.69687728882
-2.70196636424
-2.70196636424
-2.70196636424
-2.70196636424
-2.70196636424
-2.70705543967
-2.70705543967
-2.71214451509
-2.71214451509
-2.71214451509
-2.71723359052
-2.72232266594
-2.72741174137
-2.73250081679
-2.73250081679
-2.73758989222
-2.74267896764
-2.74776804307
-2.74776804307
-2.75794619392
-2.75794619392
-2.76303526934
-2.76812434477
-2.77830249562
-2.77830249562
-2.78339157104
-2.78848064647
-2.7935697219
-2.80374787275
-2.80883694817
-2.80883694817
-2.81901509902
-2.82410417445
-2.82410417445
-2.82919324987
-2.8342823253
-2.8342823253
-2.83937140072
-2.84446047615
-2.84954955157
-2.84954955157
-2.854638627
-2.84954955157
-2.854638627
-2.854638627
-2.85972770242
-2.85972770242
-2.85972770242
-2.85972770242
-2.86481677785
-2.86990585327
-2.86990585327
-2.86990585327
-2.86990585327
-2.8749949287
-2.8749949287
-2.8749949287
-2.8749949287
-2.8749949287
-2.88008400412
-2.88517307955
-2.88517307955
-2.88517307955
-2.88517307955
-2.88517307955
-2.88517307955
-2.88517307955
-2.88517307955
-2.88517307955
-2.88517307955
-2.88517307955
-2.88517307955
-2.88517307955
-2.88008400412
-2.88008400412
-2.88008400412
-2.88008400412
-2.8749949287
-2.8749949287
-2.8749949287
-2.8749949287
-2.86990585327
-2.86990585327
-2.86481677785
-2.86481677785
-2.85972770242
-2.85972770242
-2.854638627
-2.84954955157
-2.84446047615
-2.84446047615
-2.84446047615
-2.83937140072
-2.8342823253
-2.82919324987
-2.82410417445
-2.82410417445
-2.8139260236
-2.80883694817
-2.80374787275
-2.79865879732
-2.78848064647
-2.7935697219
-2.78848064647
-2.77830249562
-2.77830249562
-2.77830249562
-2.76812434477
-2.76812434477
-2.76303526934
-2.75794619392
-2.75285711849
-2.75285711849
-2.74776804307
-2.74267896764
-2.74267896764
-2.73758989222
-2.73758989222
-2.73250081679
-2.73250081679
-2.72741174137
-2.72741174137
-2.72232266594
-2.72232266594
-2.71214451509
-2.71214451509
-2.70705543967
-2.70705543967
-2.70705543967
-2.70196636424
-2.70196636424
-2.69687728882
-2.69687728882
-2.69687728882
-2.69687728882
-2.69687728882
-2.69687728882
-2.69178821339
-2.69178821339
-2.69178821339
-2.69178821339
-2.69178821339
-2.69178821339
-2.69687728882
-2.69687728882
-2.70196636424
-2.70705543967
-2.70705543967
-2.70705543967
-2.70705543967
-2.71214451509
-2.71723359052
-2.72232266594
-2.72741174137
-2.72741174137
-2.73250081679
-2.73758989222
-2.74267896764
-2.74267896764
-2.74776804307
-2.75285711849
-2.75285711849
-2.76303526934
-2.76812434477
-2.76812434477
-2.77321342019
-2.77830249562
-2.78339157104
-2.78848064647
-2.79865879732
-2.79865879732
-2.80374787275
-2.80883694817
-2.81901509902
-2.82410417445
-2.82410417445
-2.82919324987
-2.8342823253
-2.83937140072
-2.84446047615
-2.84446047615
-2.84446047615
-2.84954955157
-2.854638627
-2.85972770242
-2.86481677785
-2.85972770242
-2.86481677785
-2.86990585327
-2.86990585327
-2.86990585327
-2.8749949287
-2.8749949287
-2.88008400412
-2.88517307955
-2.88517307955
-2.89026215497
-2.89026215497
-2.89026215497
-2.89026215497
-2.89026215497
-2.8953512304
-2.8953512304
-2.89026215497
-2.8953512304
-2.8953512304
-2.8953512304
-2.8953512304
-2.8953512304
-2.8953512304
-2.8953512304
-2.8953512304
-2.8953512304
-2.8953512304
-2.8953512304
-2.89026215497
-2.89026215497
-2.89026215497
-2.89026215497
-2.89026215497
-2.88517307955
-2.88517307955
-2.88008400412
-2.8749949287
-2.88008400412
-2.8749949287
-2.8749949287
-2.86990585327
-2.86481677785
-2.85972770242
-2.85972770242
-2.854638627
-2.84954955157
-2.84954955157
-2.83937140072
-2.8342823253
-2.8342823253
-2.82919324987
-2.82410417445
-2.81901509902
-2.8139260236
-2.80883694817
-2.80374787275
-2.79865879732
-2.78848064647
-2.78848064647
-2.78339157104
-2.77830249562
-2.77830249562
-2.77830249562
-2.76812434477
-2.76812434477
-2.76303526934
-2.76303526934
-2.75794619392
-2.75794619392
-2.75285711849
-2.74776804307
-2.74267896764
-2.73758989222
-2.73250081679
-2.73250081679
-2.72741174137
-2.72232266594
-2.71723359052
-2.71214451509
-2.70705543967
-2.70196636424
-2.70196636424
-2.69178821339
-2.69178821339
-2.68669913797
-2.68161006254
-2.68161006254
-2.68161006254
-2.67652098712
-2.67652098712
-2.67143191169
-2.67143191169
-2.67143191169
-2.67652098712
-2.67652098712
-2.67652098712
-2.67652098712
-2.67652098712
-2.68161006254
-2.68161006254
-2.67652098712
-2.68161006254
-2.68161006254
-2.68161006254
-2.68161006254
-2.68669913797
-2.68669913797
-2.69178821339
-2.69687728882
-2.69687728882
-2.70196636424
-2.70196636424
-2.70705543967
-2.71214451509
-2.71723359052
-2.71723359052
-2.72741174137
-2.72741174137
-2.73250081679
-2.73758989222
-2.74267896764
-2.74776804307
-2.75285711849
-2.75794619392
-2.76303526934
-2.76812434477
-2.77321342019
-2.78339157104
-2.78339157104
-2.78848064647
-2.7935697219
-2.79865879732
-2.80374787275
-2.80883694817
-2.80883694817
-2.81901509902
-2.81901509902
-2.82410417445
-2.82919324987
-2.8342823253
-2.83937140072
-2.84446047615
-2.84954955157
-2.84954955157
-2.85972770242
-2.85972770242
-2.85972770242
-2.86990585327
-2.8749949287
-2.8749949287
-2.88008400412
-2.88008400412
-2.88008400412
-2.88517307955
-2.89026215497
-2.89026215497
-2.8953512304
-2.8953512304
-2.90044030582
-2.90552938125
-2.90552938125
-2.90552938125
-2.90552938125
-2.91061845667
-2.91061845667
-2.9157075321
-2.9157075321
-2.9157075321
-2.9157075321
-2.9157075321
-2.9157075321
-2.9157075321
-2.9157075321
-2.9157075321
-2.9157075321
-2.9157075321
-2.9157075321
-2.9157075321
-2.9157075321
-2.9157075321
-2.9157075321
-2.9157075321
-2.9157075321
-2.90552938125
-2.90552938125
-2.90552938125
-2.90552938125
-2.90552938125
-2.90044030582
-2.8953512304
-2.89026215497
-2.89026215497
-2.88517307955
-2.88008400412
-2.8749949287
-2.8749949287
-2.86990585327
-2.86481677785
-2.86481677785
-2.854638627
-2.84954955157
-2.84446047615
-2.84446047615
-2.83937140072
-2.8342823253
-2.82919324987
-2.82410417445
-2.81901509902
-2.80883694817
-2.80374787275
-2.79865879732
-2.78848064647
-2.78339157104
-2.77830249562
-2.77321342019
-2.76303526934
-2.75794619392
-2.75285711849
-2.74776804307
-2.74267896764
-2.73758989222
-2.73250081679
-2.72741174137
-2.72232266594
-2.71214451509
-2.70705543967
-2.70705543967
-2.70705543967
-2.70196636424
-2.69687728882
-2.69687728882
-2.69178821339
-2.69687728882
-2.69178821339
-2.68669913797
-2.69178821339
-2.69178821339
-2.68669913797
-2.68669913797
-2.68669913797
-2.69178821339
-2.69178821339
-2.69687728882
-2.69178821339
-2.69687728882
-2.69687728882
-2.70196636424
-2.70196636424
-2.70705543967
-2.70705543967
-2.71214451509
-2.71723359052
-2.72232266594
-2.72232266594
-2.72741174137
-2.73250081679
-2.73758989222
-2.74267896764
-2.74267896764
-2.74776804307
-2.75285711849
-2.75794619392
-2.76303526934
-2.76303526934
-2.76812434477
-2.77830249562
-2.78339157104
-2.78848064647
-2.78848064647
-2.7935697219
-2.79865879732
-2.80374787275
-2.80883694817
-2.80883694817
-2.81901509902
-2.81901509902
-2.82410417445
-2.82919324987
-2.8342823253
-2.8342823253
-2.83937140072
-2.84446047615
-2.84446047615
-2.84954955157
-2.854638627
-2.854638627
-2.854638627
-2.85972770242
-2.86481677785
-2.86990585327
-2.86990585327
-2.8749949287
-2.8749949287
-2.88008400412
-2.88517307955
-2.89026215497
-2.89026215497
-2.89026215497
-2.8953512304
-2.90044030582
-2.90552938125
-2.90552938125
-2.91061845667
-2.91061845667
-2.9157075321
-2.9157075321
-2.92079660752
-2.92079660752
-2.92079660752
-2.92079660752
-2.92079660752
-2.92079660752
-2.92588568295
-2.92079660752
-2.92079660752
-2.92588568295
-2.92588568295
-2.92079660752
-2.92079660752
-2.92079660752
-2.92079660752
-2.92079660752
-2.92079660752
-2.92079660752
-2.92079660752
-2.92079660752
-2.92079660752
-2.9157075321
-2.9157075321
-2.9157075321
-2.9157075321
-2.9157075321
-2.91061845667
-2.91061845667
-2.90552938125
-2.90552938125
-2.90044030582
-2.90044030582
-2.8953512304
-2.89026215497
-2.88517307955
-2.88008400412
-2.8749949287
-2.8749949287
-2.86990585327
-2.86481677785
-2.85972770242
-2.854638627
-2.84954955157
-2.84954955157
-2.84446047615
-2.8342823253
-2.82919324987
-2.82410417445
-2.82410417445
-2.81901509902
-2.8139260236
-2.80883694817
-2.80374787275
-2.79865879732
-2.7935697219
-2.78848064647
-2.78339157104
-2.77830249562
-2.77321342019
-2.76812434477
-2.76812434477
-2.76303526934
-2.75285711849
-2.74776804307
-2.74776804307
-2.74267896764
-2.74267896764
-2.73758989222
-2.73250081679
-2.73250081679
-2.73250081679
-2.72741174137
-2.73250081679
-2.72741174137
-2.72741174137
-2.72741174137
-2.73250081679
-2.72741174137
-2.72741174137
-2.72741174137
-2.72741174137
-2.72232266594
-2.72232266594
-2.72232266594
-2.72232266594
-2.71723359052
-2.72232266594
-2.71723359052
-2.72232266594
-2.72232266594
-2.71723359052
-2.71723359052
-2.72232266594
-2.72232266594
-2.72741174137
-2.72741174137
-2.72741174137
-2.72741174137
-2.73250081679
-2.73250081679
-2.73250081679
-2.73250081679
-2.73758989222
-2.74267896764
-2.74267896764
-2.74267896764
-2.74267896764
-2.74776804307
-2.74776804307
-2.75285711849
-2.75285711849
-2.75794619392
-2.75794619392
-2.75794619392
-2.76303526934
-2.76303526934
-2.76303526934
-2.76812434477
-2.76812434477
-2.77321342019
-2.77321342019
-2.77830249562
-2.77830249562
-2.78339157104
-2.78339157104
-2.78339157104
-2.78848064647
-2.78848064647
-2.7935697219
-2.79865879732
-2.7935697219
-2.79865879732
-2.80883694817
-2.80883694817
-2.8139260236
-2.81901509902
-2.81901509902
-2.82410417445
-2.82410417445
-2.82919324987
-2.82919324987
-2.8342823253
-2.8342823253
-2.83937140072
-2.84446047615
-2.84954955157
-2.854638627
-2.85972770242
-2.86481677785
-2.86990585327
-2.8749949287
-2.88008400412
-2.88517307955
-2.89026215497
-2.89026215497
-2.8953512304
-2.90044030582
-2.90044030582
-2.90552938125
-2.90552938125
-2.91061845667
-2.91061845667
-2.9157075321
-2.9157075321
-2.92079660752
-2.92588568295
-2.92588568295
-2.92588568295
-2.92588568295
-2.93097475837
-2.9360638338
