-2.93097475837
-2.86990585327
-2.79865879732
-2.72741174137
-2.65616468542
-2.59000670489
-2.53911595064
-2.47804704554
-2.41697814044
-2.36099831076
-2.31519663194
-2.27448402854
-2.24394957599
-2.20323697258
-2.16761344461
-2.14725714291
-2.13198991663
-2.13707899206
-2.14725714291
-2.15743529376
-2.16761344461
-2.18288067088
-2.22359327428
-2.26430587769
-2.31010755651
-2.35590923534
-2.39662183874
-2.45260166841
-2.51367057352
-2.57473947862
-2.63580838372
-2.69687728882
-2.76303526934
-2.82410417445
-2.88517307955
-2.9360638338
-2.99204366347
-3.0378453423
-3.08873609655
-3.12944869995
-3.17016130335
-3.19560668048
-3.21087390675
-3.21087390675
-3.2006957559
-3.19560668048
-3.1803394542
-3.15489407708
-3.11418147368
-3.06837979485
-3.00731088975
-2.95133106007
-2.89026215497
-2.82919324987
-2.75794619392
-2.69178821339
-2.62054115744
-2.54420502607
-2.46786889469
-2.39153276331
-2.33555293364
-2.28466217939
-2.25412772684
-2.21850419886
-2.18288067088
-2.14725714291
-2.13198991663
-2.13198991663
-2.15743529376
-2.17779159546
-2.19814789716
-2.22359327428
-2.26430587769
-2.31519663194
-2.37626553704
-2.42715629129
-2.48822519639
-2.54420502607
-2.62054115744
-2.68669913797
-2.75285711849
-2.81901509902
-2.88517307955
-2.9564201355
-3.02257811602
-3.06837979485
-3.10400332283
-3.14471592623
-3.18542852963
-3.2210520576
-3.23123020845
-3.23631928388
-3.22614113303
-3.21087390675
-3.2006957559
-3.18542852963
-3.15489407708
-3.1192705491
-3.06837979485
-3.0174890406
-2.97168736177
-2.92079660752
-2.86481677785
-2.80374787275
-2.74267896764
-2.68669913797
-2.63071930829
-2.56456132777
-2.49840334724
-2.44242351756
-2.40171091416
-2.35590923534
-2.30501848109
-2.25412772684
-2.22359327428
-2.20832604801
-2.19814789716
-2.20323697258
-2.20832604801
-2.21341512343
-2.22359327428
-2.25412772684
-2.29484033024
-2.35082015991
-2.39662183874
-2.44242351756
-2.49331427181
-2.55438317692
-2.62054115744
-2.68161006254
-2.74267896764
-2.80883694817
-2.8749949287
-2.9360638338
-2.99204366347
-3.0378453423
-3.08364702113
-3.12435962453
-3.15489407708
-3.17525037878
-3.19051760505
-3.2006957559
-3.19051760505
-3.16507222793
-3.1396268508
-3.11418147368
-3.07346887028
-3.02257811602
-2.96659828635
-2.90552938125
-2.83937140072
-2.76812434477
-2.69687728882
-2.62054115744
-2.54420502607
-2.46786889469
-2.39662183874
-2.31519663194
-2.24394957599
-2.18288067088
-2.13707899206
-2.10145546408
-2.06074286068
-2.03020840813
-2.00476303101
-1.99967395558
-2.00476303101
-2.02003025728
-2.03529748356
-2.05565378526
-2.08618823781
-2.12690084121
-2.18796974631
-2.25412772684
-2.31519663194
-2.37626553704
-2.44242351756
-2.51367057352
-2.59000670489
-2.66125376084
-2.72232266594
-2.78848064647
-2.854638627
-2.9157075321
-2.9564201355
-2.9971327389
-3.03275626687
-3.0785579457
-3.1192705491
-3.13453777538
-3.14980500165
-3.13453777538
-3.12944869995
-3.12944869995
-3.12435962453
-3.10909239825
-3.06837979485
-3.01239996517
-2.97168736177
-2.93097475837
-2.8953512304
-2.83937140072
-2.77830249562
-2.71723359052
-2.66125376084
-2.60527393117
-2.54420502607
-2.47804704554
-2.41697814044
-2.37117646161
-2.33046385821
-2.27957310396
-2.21850419886
-2.16252436918
-2.12181176578
-2.10654453951
-2.10145546408
-2.09127731323
-2.06583193611
-2.04547563441
-2.04547563441
-2.06074286068
-2.09636638866
-2.13198991663
-2.15743529376
-2.18288067088
-2.21850419886
-2.26939495311
-2.33046385821
-2.39153276331
-2.45769074384
-2.52384872437
-2.59509578032
-2.66125376084
-2.71214451509
-2.77321342019
-2.83937140072
-2.90552938125
-2.96659828635
-3.01239996517
-3.04293441772
-3.06329071942
-3.09382517198
-3.12944869995
-3.15489407708
-3.15489407708
-3.12944869995
-3.0989142474
-3.07346887028
-3.04802349315
-3.02766719145
-2.98695458805
-2.93097475837
-2.86481677785
-2.80374787275
-2.74267896764
-2.68669913797
-2.61545208202
-2.54929410149
-2.48822519639
-2.42206721586
-2.35590923534
-2.27448402854
-2.21341512343
-2.17270252003
-2.13707899206
-2.10145546408
-2.05565378526
-2.01494118186
-1.99458488016
-1.99458488016
-2.00476303101
-2.02003025728
-2.02511933271
-2.03529748356
-2.05056470983
-2.09127731323
-2.14216806748
-2.19305882173
-2.23886050056
-2.27957310396
-2.33046385821
-2.39153276331
-2.45260166841
-2.50858149809
-2.56456132777
-2.63071930829
-2.69178821339
-2.73758989222
-2.77830249562
-2.81901509902
-2.86481677785
-2.92079660752
-2.96659828635
-2.99204366347
-2.9971327389
-2.99204366347
-2.9971327389
-3.00222181432
-3.00731088975
-2.99204366347
-2.95133106007
-2.90552938125
-2.86990585327
-2.83937140072
-2.80374787275
-2.75794619392
-2.70196636424
-2.64598653457
-2.59000670489
-2.52384872437
-2.45769074384
-2.40171091416
-2.34573108449
-2.29484033024
-2.23377142513
-2.17270252003
-2.10654453951
-2.05565378526
-2.02003025728
-1.99458488016
-1.97422857846
-1.95387227675
-1.93351597505
-1.92842689963
-1.93351597505
-1.95896135218
-1.98949580473
-2.02003025728
-2.05565378526
-2.10145546408
-2.16252436918
-2.22868234971
-2.28975125481
-2.36099831076
-2.43733444214
-2.51875964894
-2.59509578032
-2.67143191169
-2.74267896764
-2.80374787275
-2.86481677785
-2.93097475837
-2.98695458805
-3.03275626687
-3.06837979485
-3.0989142474
-3.1192705491
-3.13453777538
-3.14471592623
-3.14471592623
-3.1192705491
-3.09382517198
-3.058201644
-3.02257811602
-2.98186551262
-2.93097475837
-2.8749949287
-2.81901509902
-2.76303526934
-2.70705543967
-2.63580838372
-2.56965040319
-2.50858149809
-2.45769074384
-2.39662183874
-2.34064200906
-2.27957310396
-2.22868234971
-2.19305882173
-2.15743529376
-2.13707899206
-2.12181176578
-2.10654453951
-2.09636638866
-2.09636638866
-2.10145546408
-2.11672269036
-2.13707899206
-2.15743529376
-2.18796974631
-2.22359327428
-2.26939495311
-2.31519663194
-2.37117646161
-2.43224536671
-2.49840334724
-2.56456132777
-2.63071930829
-2.69178821339
-2.75794619392
-2.82410417445
-2.89026215497
-2.94115290922
-2.9971327389
-3.04802349315
-3.09382517198
-3.12944869995
-3.17016130335
-3.21596298218
-3.25158651015
-3.27194281185
-3.27194281185
-3.27194281185
-3.26685373643
-3.26685373643
-3.25667558558
-3.23123020845
-3.19560668048
-3.14471592623
-3.08364702113
-3.02766719145
-2.97168736177
-2.9157075321
-2.854638627
-2.78339157104
-2.71214451509
-2.64089745914
-2.57473947862
-2.50349242266
-2.44242351756
-2.38644368789
-2.33555293364
-2.27448402854
-2.21850419886
-2.17270252003
-2.14216806748
-2.12181176578
-2.11163361493
-2.09127731323
-2.07601008696
-2.06583193611
-2.07601008696
-2.09636638866
-2.12181176578
-2.15234621833
-2.18288067088
-2.21850419886
-2.26939495311
-2.32028570736
-2.38644368789
-2.44751259299
-2.51367057352
-2.57473947862
-2.64089745914
-2.71214451509
-2.78339157104
-2.84954955157
-2.9157075321
-2.97168736177
-3.03275626687
-3.08873609655
-3.13453777538
-3.17525037878
-3.21596298218
-3.25158651015
-3.27703188728
-3.29229911355
-3.29229911355
-3.29738818898
-3.29738818898
-3.28721003813
-3.26685373643
-3.2414083593
-3.21087390675
-3.17016130335
-3.1192705491
-3.0785579457
-3.02766719145
-2.96659828635
-2.8953512304
-2.8342823253
-2.76303526934
-2.70196636424
-2.64598653457
-2.57982855404
-2.50858149809
-2.44242351756
-2.39662183874
-2.34064200906
-2.29484033024
-2.25412772684
-2.21850419886
-2.18288067088
-2.16252436918
-2.14216806748
-2.13198991663
-2.13198991663
-2.13707899206
-2.14216806748
-2.15234621833
-2.17270252003
-2.20832604801
-2.24903865141
-2.28975125481
-2.34064200906
-2.39153276331
-2.44751259299
-2.50858149809
-2.56965040319
-2.64089745914
-2.71723359052
-2.78339157104
-2.84954955157
-2.9157075321
-2.98695458805
-3.05311256857
-3.10400332283
-3.16507222793
-3.21596298218
-3.261764661
-3.29229911355
-3.31774449068
-3.32792264153
-3.33810079238
-3.33810079238
-3.33301171695
-3.3228335661
-3.29229911355
-3.24649743473
-3.19560668048
-3.13453777538
-3.0785579457
-3.02257811602
-2.9564201355
-2.88008400412
-2.80374787275
-2.72741174137
-2.65616468542
-2.58491762947
-2.51367057352
-2.45769074384
-2.40171091416
-2.35590923534
-2.29992940566
-2.25412772684
-2.21341512343
-2.18288067088
-2.16761344461
-2.15743529376
-2.14216806748
-2.12690084121
-2.12181176578
-2.13707899206
-2.16761344461
-2.19814789716
-2.22868234971
-2.25921680226
-2.29484033024
-2.34064200906
-2.39662183874
-2.45769074384
-2.51367057352
-2.56965040319
-2.63071930829
-2.69687728882
-2.75794619392
-2.8139260236
-2.8749949287
-2.9360638338
-3.00222181432
-3.058201644
-3.10909239825
-3.14980500165
-3.19560668048
-3.2414083593
-3.2821209627
-3.30756633983
-3.3228335661
-3.33301171695
-3.33301171695
-3.32792264153
-3.3228335661
-3.3024772644
-3.27703188728
-3.2414083593
-3.2006957559
-3.1599831525
-3.11418147368
-3.06329071942
-3.00222181432
-2.94115290922
-2.88008400412
-2.8139260236
-2.74267896764
-2.67143191169
-2.59509578032
-2.52893779979
-2.46277981926
-2.40679998959
-2.34064200906
-2.27957310396
-2.23377142513
-2.19305882173
-2.16252436918
-2.14216806748
-2.13198991663
-2.11672269036
-2.10145546408
-2.10145546408
-2.13198991663
-2.16252436918
-2.20323697258
-2.23377142513
-2.27448402854
-2.32028570736
-2.37626553704
-2.44242351756
-2.50858149809
-2.57982855404
-2.65107560999
-2.72232266594
-2.78339157104
-2.84446047615
-2.90552938125
-2.97168736177
-3.0378453423
-3.10400332283
-3.15489407708
-3.19051760505
-3.21596298218
-3.24649743473
-3.27703188728
-3.31265541525
-3.31774449068
-3.31265541525
-3.2821209627
-3.261764661
-3.24649743473
-3.23631928388
-3.20578483133
-3.17016130335
-3.11418147368
-3.06329071942
-3.00731088975
-2.96150921092
-2.90044030582
-2.84446047615
-2.78848064647
-2.72232266594
-2.64598653457
-2.58491762947
-2.52384872437
-2.46786889469
-2.42715629129
-2.39662183874
-2.35590923534
-2.31519663194
-2.28466217939
-2.25921680226
-2.25921680226
-2.25412772684
-2.24903865141
-2.23886050056
-2.23377142513
-2.23377142513
-2.25412772684
-2.28466217939
-2.31519663194
-2.34064200906
-2.37117646161
-2.41188906501
-2.45769074384
-2.51875964894
-2.57982855404
-2.64598653457
-2.70705543967
-2.76812434477
-2.8342823253
-2.90044030582
-2.96150921092
-3.02766719145
-3.08873609655
-3.15489407708
-3.20578483133
-3.2414083593
-3.27703188728
-3.30756633983
-3.33810079238
-3.36863524493
-3.38390247121
-3.37881339578
-3.36354616951
-3.34827894323
-3.33301171695
-3.31265541525
-3.27703188728
-3.23123020845
-3.17016130335
-3.10400332283
-3.04802349315
-2.98186551262
-2.9157075321
-2.84446047615
-2.77321342019
-2.69687728882
-2.62054115744
-2.54929410149
-2.48822519639
-2.43733444214
-2.39662183874
-2.35082015991
-2.29992940566
-2.25412772684
-2.21850419886
-2.20832604801
-2.20832604801
-2.21341512343
-2.21341512343
-2.21850419886
-2.23377142513
-2.26430587769
-2.30501848109
-2.35082015991
-2.39662183874
-2.44751259299
-2.49331427181
-2.53911595064
-2.60018485574
-2.66125376084
-2.72232266594
-2.78339157104
-2.83937140072
-2.90044030582
-2.9564201355
-3.00731088975
-3.05311256857
-3.09382517198
-3.1396268508
-3.17016130335
-3.19051760505
-3.19560668048
-3.19560668048
-3.19051760505
-3.18542852963
-3.17016130335
-3.15489407708
-3.1192705491
-3.07346887028
-3.02766719145
-2.98695458805
-2.94115290922
-2.88517307955
-2.82410417445
-2.75794619392
-2.69178821339
-2.63071930829
-2.57473947862
-2.51875964894
-2.45769074384
-2.40679998959
-2.36099831076
-2.31519663194
-2.26430587769
-2.22868234971
-2.20832604801
-2.19305882173
-2.17779159546
-2.16761344461
-2.16761344461
-2.17779159546
-2.19305882173
-2.22359327428
-2.26430587769
-2.30501848109
-2.34573108449
-2.40171091416
-2.46277981926
-2.52893779979
-2.60018485574
-2.66634283627
-2.73758989222
-2.79865879732
-2.86481677785
-2.92588568295
-2.98186551262
-3.0378453423
-3.08873609655
-3.13453777538
-3.17016130335
-3.1803394542
-3.19051760505
-3.2006957559
-3.21087390675
-3.20578483133
-3.18542852963
-3.14980500165
-3.11418147368
-3.06837979485
-3.02766719145
-2.97168736177
-2.91061845667
-2.84954955157
-2.77830249562
-2.70196636424
-2.62563023287
-2.55438317692
-2.48313612096
-2.42715629129
-2.37626553704
-2.32028570736
-2.26939495311
-2.21850419886
-2.18288067088
-2.16761344461
-2.16252436918
-2.17270252003
-2.17270252003
-2.17779159546
-2.19305882173
-2.22359327428
-2.25921680226
-2.30501848109
-2.35590923534
-2.40679998959
-2.45260166841
-2.50858149809
-2.56965040319
-2.63580838372
-2.70705543967
-2.76812434477
-2.82919324987
-2.88517307955
-2.92588568295
-2.97168736177
-3.00731088975
-3.04293441772
-3.0785579457
-3.10400332283
-3.11418147368
-3.10909239825
-3.0989142474
-3.09382517198
-3.08873609655
-3.07346887028
-3.04293441772
-3.00222181432
-2.9564201355
-2.90552938125
-2.854638627
-2.80374787275
-2.74267896764
-2.68669913797
-2.62054115744
-2.54929410149
-2.49331427181
-2.43224536671
-2.37626553704
-2.33046385821
-2.28975125481
-2.25921680226
-2.22359327428
-2.18288067088
-2.15743529376
-2.14216806748
-2.15234621833
-2.16761344461
-2.17270252003
-2.18288067088
-2.21850419886
-2.25412772684
-2.30501848109
-2.37117646161
-2.43224536671
-2.49331427181
-2.55947225234
-2.62563023287
-2.69687728882
-2.76812434477
-2.84954955157
-2.92079660752
-2.9971327389
-3.06329071942
-3.11418147368
-3.16507222793
-3.21087390675
-3.261764661
-3.31265541525
-3.33810079238
-3.34318986781
-3.33301171695
-3.33301171695
-3.33301171695
-3.31774449068
-3.29229911355
-3.24649743473
-3.2006957559
-3.14980500165
-3.0989142474
-3.0378453423
-2.98695458805
-2.9157075321
-2.854638627
-2.78339157104
-2.71214451509
-2.64089745914
-2.57982855404
-2.52384872437
-2.47295797011
-2.42206721586
-2.38135461246
-2.33555293364
-2.29992940566
-2.27957310396
-2.26430587769
-2.26430587769
-2.26430587769
-2.27448402854
-2.27957310396
-2.29992940566
-2.33046385821
-2.37117646161
-2.41188906501
-2.45769074384
-2.50858149809
-2.55947225234
-2.61545208202
-2.67143191169
-2.73758989222
-2.80374787275
-2.85972770242
-2.9157075321
-2.97168736177
-3.03275626687
-3.0785579457
-3.12944869995
-3.17525037878
-3.2210520576
-3.25158651015
-3.27194281185
-3.28721003813
-3.29738818898
-3.30756633983
-3.31265541525
-3.30756633983
-3.29229911355
-3.27194281185
-3.2414083593
-3.21087390675
-3.17525037878
-3.13453777538
-3.0785579457
-3.0174890406
-2.9564201355
-2.88517307955
-2.82410417445
-2.75285711849
-2.68161006254
-2.60527393117
-2.54420502607
-2.48822519639
-2.42715629129
-2.38135461246
-2.33555293364
-2.31010755651
-2.28466217939
-2.27448402854
-2.25921680226
-2.25921680226
-2.26939495311
-2.28975125481
-2.31519663194
-2.35590923534
-2.40171091416
-2.45260166841
-2.50858149809
-2.56456132777
-2.63580838372
-2.70705543967
-2.78339157104
-2.84954955157
-2.9157075321
-2.98695458805
-3.05311256857
-3.10909239825
-3.1599831525
-3.21087390675
-3.25667558558
-3.29738818898
-3.3228335661
-3.33301171695
-3.33301171695
-3.33301171695
-3.33301171695
-3.3228335661
-3.3024772644
-3.26685373643
-3.2210520576
-3.17016130335
-3.12435962453
-3.07346887028
-3.02257811602
-2.96150921092
-2.8953512304
-2.82919324987
-2.76812434477
-2.70705543967
-2.64089745914
-2.58491762947
-2.53911595064
