1.92400319717
1.90873597089
1.89855782004
1.89346874461
1.88837966919
1.89346874461
1.88837966919
1.90364689546
1.90873597089
1.92400319717
1.92909227259
1.94435949887
1.94435949887
1.95962672514
1.96980487599
1.99525025312
2.01051747939
2.04105193194
2.06140823364
2.10212083704
2.13265528959
2.18863511927
2.23952587352
2.30059477862
2.35148553287
2.41255443797
2.4787124185
2.5397813236
2.6008502287
2.65683005838
2.71280988805
2.76370064231
2.82476954741
2.85530399996
2.89601660336
2.90619475421
2.93164013133
2.93164013133
2.94690735761
2.93672920676
2.94690735761
2.92655105591
2.91637290506
2.89601660336
2.89601660336
2.86039307538
2.84512584911
2.80950232113
2.78405694401
2.73825526518
2.7026317372
2.63647375668
2.59067207785
2.52960317275
2.46853426765
2.38710906085
2.31077292947
2.22425864725
2.12756621417
2.03596285652
1.92909227259
1.83239983951
1.72552925559
1.63392589793
1.54232254028
1.47616455976
1.39473935296
1.33875952328
1.28786876903
1.25733431648
1.22679986393
1.2013544868
1.18608726053
1.17590910968
1.17590910968
1.18608726053
1.2013544868
1.20644356223
1.23188893935
1.25224524105
1.28786876903
1.31840322158
1.3642049004
1.39982842838
1.44563010721
1.49143178603
1.54741161571
1.60848052081
1.67463850134
1.73570740644
1.81204353781
1.88329059376
1.95962672514
2.03087378109
2.10212083704
2.17845696842
2.24461494895
2.3158620049
2.37693091
2.44308889052
2.49397964478
2.55504854988
2.59067207785
2.63138468125
2.64665190753
2.68736451093
2.68736451093
2.71280988805
2.70772081263
2.71789896348
2.68736451093
2.67718636008
2.65683005838
2.64665190753
2.61611745498
2.59067207785
2.5397813236
2.49397964478
2.44817796595
2.40237628712
2.33112923117
2.25988217522
2.17845696842
2.08176453534
1.99016117769
1.87311244291
1.76115278356
1.62883682251
1.51178808773
1.37438305126
1.27260154275
1.14537465713
1.04868222405
0.941811640122
0.875653659596
0.814584754495
0.78913937737
0.758604924819
0.748426773969
0.743337698544
0.758604924819
0.773872151094
0.804406603645
0.840030131621
0.885831810446
0.936722564697
0.997791469798
1.06394945032
1.12501835543
1.19626541138
1.26751246733
1.34893767413
1.43036288093
1.50669901231
1.58303514368
1.66446035049
1.75097463271
1.83239983951
1.91891412174
2.00033932854
2.08685361077
2.17336789299
2.2547930998
2.33112923117
2.40746536255
2.4787124185
2.54995947445
2.6008502287
2.65174098295
2.67718636008
2.71280988805
2.7229880389
2.73316618975
2.70772081263
2.68736451093
2.63138468125
2.59067207785
2.5194250219
2.4583561168
2.39219813627
2.3158620049
2.22934772267
2.14283344044
2.06649730907
1.97489395142
1.88329059376
1.78659816069
1.70517295389
1.60848052081
1.52705531401
1.42527380551
1.34893767413
1.2624233919
1.20644356223
1.1402855817
1.11484020458
1.07412760117
1.06394945032
1.04868222405
1.06394945032
1.08939482745
1.1402855817
1.19117633595
1.25733431648
1.32858137243
1.41000657923
1.49652086146
1.58303514368
1.66954942591
1.75606370814
1.84766706579
1.93418134802
2.01560655482
2.10212083704
2.18354604384
2.25988217522
2.3362183066
2.40237628712
2.46853426765
2.53469224818
2.59576115328
2.65174098295
2.7026317372
2.73316618975
2.76878971773
2.78914601943
2.81459139656
2.81459139656
2.80950232113
2.76370064231
2.7229880389
2.65683005838
2.59067207785
2.50415779563
2.40237628712
2.28023847692
2.14792251587
2.02578470567
1.91382504631
1.79677631154
1.67972757676
1.58303514368
1.49143178603
1.41000657923
1.33875952328
1.26751246733
1.21153263765
1.16573095883
1.13519650628
1.10975112915
1.0995729783
1.08430575202
1.08939482745
1.08939482745
1.10466205373
1.12501835543
1.1606418834
1.18608726053
1.23188893935
1.27769061818
1.3438485987
1.40491750381
1.47107548433
1.54232254028
1.61865867166
1.70008387846
1.78659816069
1.86802336749
1.94944857429
2.03087378109
2.10720991247
2.18863511927
2.26497125065
2.3362183066
2.40237628712
2.46853426765
2.52960317275
2.59067207785
2.63138468125
2.6822754355
2.71789896348
2.75861156688
2.77896786858
2.80950232113
2.81459139656
2.84003677368
2.83494769826
2.84003677368
2.80441324571
2.78405694401
2.72807711433
2.68736451093
2.62629560583
2.56522670073
2.47362334308
2.37693091
2.26497125065
2.14283344044
2.03087378109
1.89855782004
1.78150908526
1.64919312421
1.55250069113
1.46089733348
1.39982842838
1.32858137243
1.27769061818
1.23697801478
1.21662171308
1.2013544868
1.2013544868
1.20644356223
1.2217107885
1.2420670902
1.27260154275
1.31331414615
1.35911582498
1.41000657923
1.46089733348
1.52196623858
1.58303514368
1.64919312421
1.71535110474
1.78659816069
1.85784521664
1.93927042344
2.01051747939
2.08685361077
2.16318974214
2.24461494895
2.32095108032
2.3972872117
2.47362334308
2.53469224818
2.6008502287
2.65683005838
2.71280988805
2.73825526518
2.77387879316
2.78405694401
2.80441324571
2.78914601943
2.78405694401
2.75352249146
2.72807711433
2.67209728465
2.61611745498
2.55504854988
2.48889056935
2.40746536255
2.3158620049
2.22934772267
2.13265528959
2.03596285652
1.92400319717
1.82222168866
1.71535110474
1.61865867166
1.49143178603
1.41000657923
1.30822507073
1.23697801478
1.17082003425
1.14537465713
1.11992928
1.12501835543
1.11992928
1.1402855817
1.16573095883
1.20644356223
1.25733431648
1.31840322158
1.38456120211
1.45580825806
1.52705531401
1.60848052081
1.68990572761
1.77642000984
1.85784521664
1.93927042344
2.02069563024
2.10720991247
2.18863511927
2.27006032607
2.35148553287
2.43291073967
2.50924687105
2.58558300243
2.6619191338
2.73316618975
2.79932417028
2.85530399996
2.90110567878
2.93672920676
2.96726365931
2.98761996101
2.98761996101
2.95708550846
2.91128382963
2.86039307538
2.78405694401
2.7026317372
2.61102837955
2.50924687105
2.40237628712
2.30059477862
2.19881327012
2.10212083704
2.01560655482
1.94944857429
1.90873597089
1.89855782004
1.90873597089
1.91891412174
1.93418134802
1.95453764972
1.97998302684
2.00542840397
2.03087378109
2.05631915822
2.10720991247
2.14792251587
2.20390234555
2.27006032607
2.34130738202
2.41255443797
2.4583561168
2.50924687105
2.54995947445
2.6008502287
2.62629560583
2.66700820923
2.67209728465
2.69754266178
2.69245358635
2.70772081263
2.7026317372
2.71280988805
2.69245358635
2.68736451093
2.64665190753
2.6212065304
2.56522670073
2.51433594648
2.42782166425
2.34130738202
2.2547930998
2.13774436502
2.03596285652
1.90873597089
1.79677631154
1.66446035049
1.57285699283
1.48125363518
1.42018473008
1.3642049004
1.323492297
1.29295784445
1.2827796936
1.26751246733
1.2624233919
1.26751246733
1.2827796936
1.3031359953
1.33367044785
1.36929397583
1.40491750381
1.44563010721
1.49143178603
1.54741161571
1.60339144538
1.66954942591
1.73061833101
1.79677631154
1.86802336749
1.93927042344
2.01560655482
2.09194268619
2.16827881757
2.24461494895
2.32095108032
2.38710906085
2.45326704137
2.50415779563
2.56522670073
2.6008502287
2.6415628321
2.64665190753
2.66700820923
2.64665190753
2.6415628321
2.6212065304
2.60593930413
2.57540485158
2.5397813236
2.48380149393
2.42782166425
2.37184183457
2.30059477862
2.22425864725
2.12756621417
2.05123008279
1.94944857429
1.85784521664
1.75606370814
1.66954942591
1.57285699283
1.49652086146
1.38965027753
1.32858137243
1.25224524105
1.21153263765
1.1606418834
1.14537465713
1.13010743085
1.14537465713
1.1606418834
1.19626541138
1.2420670902
1.29804691988
1.35911582498
1.43036288093
1.50160993688
1.57794606826
1.65937127506
1.74588555729
1.83239983951
1.91891412174
2.00033932854
2.08685361077
2.16827881757
2.24970402437
2.33112923117
2.40746536255
2.48380149393
2.54995947445
2.6212065304
2.6822754355
2.7433443406
2.79423509486
2.84003677368
2.87566030166
2.89601660336
2.91128382963
2.91637290506
2.91637290506
2.88583845251
2.84003677368
2.77387879316
2.69754266178
2.59067207785
2.48889056935
2.38201998542
2.25988217522
2.13265528959
2.01051747939
1.90873597089
1.80186538696
1.70008387846
1.60848052081
1.53723346486
1.47616455976
1.43036288093
1.36929397583
1.33875952328
1.3031359953
1.27769061818
1.25224524105
1.25224524105
1.25224524105
1.2624233919
1.27769061818
1.30822507073
1.3438485987
1.39982842838
1.45071918263
1.51687716316
1.58303514368
1.65937127506
1.73570740644
1.81204353781
1.88837966919
1.97489395142
2.05123008279
2.13265528959
2.20899142097
2.28023847692
2.35148553287
2.41255443797
2.47362334308
2.5194250219
2.57031577615
2.61102837955
2.6619191338
2.6822754355
2.71789896348
2.71789896348
2.73316618975
2.72807711433
2.73316618975
2.71280988805
2.70772081263
2.64665190753
2.59576115328
2.52451409733
2.46853426765
2.38710906085
2.31077292947
2.2140804964
2.10212083704
2.00033932854
1.87820151834
1.77133093441
1.65428219964
1.55250069113
1.46089733348
1.39982842838
1.33875952328
1.29804691988
1.24715616563
1.22679986393
1.20644356223
1.20644356223
1.20644356223
1.21662171308
1.22679986393
1.24715616563
1.27260154275
1.30822507073
1.34893767413
1.38965027753
1.43545195636
1.47616455976
1.53214438943
1.58812421911
1.64410404879
1.71026202931
1.77642000984
1.84766706579
1.91891412174
1.99016117769
2.05631915822
2.13265528959
2.20390234555
2.28023847692
2.34130738202
2.41255443797
2.47362334308
2.5397813236
2.58558300243
2.63647375668
2.6619191338
2.7026317372
2.71789896348
2.74843341603
2.74843341603
2.75861156688
2.7433443406
2.73316618975
2.7026317372
2.6822754355
2.64665190753
2.6212065304
2.56522670073
2.4990687202
2.43291073967
2.36675275915
2.28532755235
2.19881327012
2.11229898789
2.00033932854
1.89855782004
1.77133093441
1.66954942591
1.53723346486
1.43545195636
1.30822507073
1.23188893935
1.14537465713
1.10466205373
1.04359314862
1.02323684692
0.997791469798
1.00288054522
1.00796962065
1.0385040732
1.07412760117
1.11992928
1.16573095883
1.2217107885
1.2827796936
1.3438485987
1.41509565466
1.48634271061
1.55758976656
1.62883682251
1.70008387846
1.78150908526
1.85784521664
1.93927042344
2.02069563024
2.09703176162
2.17845696842
2.25988217522
2.34130738202
2.4176435134
2.48889056935
2.5601376253
2.62629560583
2.6822754355
2.72807711433
2.76370064231
2.77896786858
2.79423509486
2.78914601943
2.78914601943
2.75352249146
2.7229880389
2.65174098295
2.58558300243
2.50924687105
2.4379998151
2.36166368372
2.27006032607
2.18354604384
2.09194268619
2.01560655482
1.90873597089
1.81204353781
1.71535110474
1.64410404879
1.55250069113
1.48634271061
1.40491750381
1.35911582498
1.29295784445
1.25224524105
1.18608726053
1.1606418834
1.11992928
1.10975112915
1.09448390288
1.11484020458
1.12501835543
1.16573095883
1.2013544868
1.25733431648
1.31840322158
1.38965027753
1.46089733348
1.54232254028
1.62374774708
1.71026202931
1.79677631154
1.88329059376
1.96980487599
2.05631915822
2.13774436502
2.21916957182
2.2955057032
2.36675275915
2.4379998151
2.50415779563
2.57540485158
2.63138468125
2.69245358635
2.73316618975
2.77896786858
2.80441324571
2.83494769826
2.84512584911
2.85021492453
2.83494769826
2.81459139656
2.76370064231
2.69245358635
2.6008502287
2.50924687105
2.3972872117
2.2751494015
2.15301159129
2.04105193194
1.92909227259
1.83239983951
1.73570740644
1.65937127506
1.58303514368
1.51687716316
1.46089733348
1.42527380551
1.38965027753
1.35402674955
1.323492297
1.3031359953
1.28786876903
1.2827796936
1.27769061818
1.2827796936
1.2827796936
1.28786876903
1.29804691988
1.323492297
1.35911582498
1.39982842838
1.44054103178
1.49143178603
1.54232254028
1.60848052081
1.67463850134
1.74588555729
1.81713261324
1.89346874461
1.96980487599
2.04105193194
2.11738806332
2.17336789299
2.23952587352
2.29041662777
2.3565746083
2.39219813627
2.44817796595
2.46853426765
2.51433594648
2.52451409733
2.55504854988
2.55504854988
2.58558300243
2.57540485158
2.59067207785
2.580493927
2.59067207785
2.5601376253
2.54995947445
2.5194250219
2.4990687202
2.45326704137
2.40746536255
2.3362183066
2.28023847692
2.2140804964
2.13265528959
2.06140823364
1.97998302684
1.90364689546
1.81713261324
1.75606370814
1.68481665219
1.63901497336
1.58812421911
1.55758976656
1.53214438943
1.52705531401
1.50669901231
1.50160993688
1.50160993688
1.51178808773
1.52705531401
1.55250069113
1.56776791741
1.59321329453
1.61865867166
1.64919312421
1.68990572761
1.73570740644
1.78659816069
1.83239983951
1.89346874461
1.95453764972
2.02069563024
2.09194268619
2.16318974214
2.2344367981
2.31077292947
2.38710906085
2.4583561168
2.52960317275
2.580493927
2.6415628321
2.68736451093
2.73825526518
2.75352249146
2.78914601943
2.78914601943
2.79932417028
2.77387879316
2.77387879316
2.7433443406
2.72807711433
2.68736451093
2.64665190753
2.59576115328
2.54995947445
2.4787124185
2.40237628712
2.3362183066
2.24970402437
2.16318974214
2.05631915822
1.96471580057
1.85275614121
1.75606370814
1.62883682251
1.54741161571
1.44563010721
1.38456120211
1.31331414615
1.28786876903
1.24715616563
1.25224524105
1.25224524105
1.28786876903
1.31840322158
1.36929397583
1.42018473008
1.48634271061
1.55250069113
1.63392589793
1.71026202931
1.79168723611
1.87311244291
1.95962672514
2.03596285652
2.11738806332
2.19881327012
2.28023847692
2.3565746083
2.4379998151
2.50924687105
2.580493927
2.65174098295
2.70772081263
2.76370064231
2.80441324571
2.84003677368
2.86039307538
2.87057122623
2.86039307538
2.84003677368
2.79423509486
2.72807711433
2.6415628321
2.54995947445
2.43291073967
2.32604015575
2.2140804964
2.12247713874
2.02578470567
1.94435949887
1.86293429206
1.81204353781
1.75606370814
1.71535110474
1.67463850134
1.65428219964
1.63392589793
1.61865867166
1.60848052081
1.60848052081
1.60848052081
1.61865867166
1.64410404879
1.67463850134
1.71535110474
1.77133093441
1.82222168866
1.88837966919
1.95962672514
2.03087378109
2.10720991247
2.17845696842
2.2547930998
2.32095108032
2.3972872117
2.45326704137
2.5194250219
2.57031577615
2.63138468125
2.66700820923
2.71280988805
2.7229880389
2.75352249146
2.75352249146
2.77387879316
2.75352249146
2.75352249146
2.71280988805
2.67718636008
2.61611745498
2.56522670073
2.49397964478
2.4176435134
2.32095108032
2.2140804964
2.10720991247
1.97998302684
1.87311244291
1.75097463271
1.65937127506
1.55758976656
1.49143178603
